000001
000003
000004
000005
000007
000008
000009
000010
000011
000013
000014
000015
000016
000017
000020
000021
000022
000023
000024
000025
000026
000027
000028
000029
000030
000031
000032
000033
000037
000038
000039
000041
000042
000043
000044
000045
000046
000047
000048
000049
000050
000051
000052
000053
000054
000055
000056
000057
000058
000059
000060
000061
000062
000063
000064
000065
000066
000067
000068
000069
000070
000071
000072
000073
000074
000075
000076
000077
000078
000079
000080
000081
000082
000083
000084
000085
000086
000087
000088
000089
000090
000091
000092
000093
000103
000104
000105
000106
000107
000109
000110
000111
000112
000113
000115
000116
000117
000118
000119
000120
000121
000122
000123
000124
000125
000126
000127
000128
000129
000130
000131
000132
000133
000136
000137
000138
000139
000141
000142
000143
000145
000146
000147
000148
000149
000150
000151
000152
000153
000165
000166
000167
000169
000170
000171
000172
000173
000174
000175
000176
000177
000178
000179
000180
000181
000182
000183
000184
000185
000186
000187
000188
000190
000191
000192
000193
000194
000195
000196
000197
000198
000199
000200
000201
000202
000203
000204
000205
000206
000207
000208
000209
000210
000211
000212
000213
000214
000215
000216
000217
000219
000220
000221
000222
000225
000226
000227
000235
000236
000237
000238
000239
000240
000241
000242
000244
000245
000246
000247
000248
000251
000252
000253
000254
000255
000256
000257
000258
000259
000260
000263
000264
000265
000266
000267
000268
000270
000271
000272
000273
000274
000275
000277
000278
000279
000280
000281
000284
000285
000286
000287
000288
000289
000290
000291
000292
000293
000294
000295
000296
000297
000298
000299
000300
000301
000302
000303
000304
000305
000306
000308
000309
000310
000311
000312
000313
000314
000316
000317
000318
000319
000320
000322
000323
000324
000325
000327
000328
000330
000331
000332
000333
000334
000335
000336
000338
000339
000340
000341
000342
000343
000345
000346
000347
000348
000349
000351
000352
000353
000354
000355
000356
000357
000358
000359
000360
000361
000362
000363
000366
000367
000368
000369
000370
000371
000372
000373
000376
000377
000378
000379
000380
000381
000382
000383
000384
000385
000386
000387
000388
000389
000390
000391
000392
000393
000394
000395
000396
000397
000398
000400
000401
000402
000403
000404
000405
000406
000407
000408
000409
000410
000411
000412
000413
000414
000415
000416
000417
000418
000419
000420
000421
000422
000423
000424
000425
000426
000427
000428
000429
000430
000431
000432
000433
000434
000435
000436
000437
000438
000439
000440
000452
000457
000458
000462
000463
000464
000465
000466
000469
000471
000473
000474
000475
000476
000477
000478
000480
000481
000483
000484
000485
000486
000487
000488
000489
000490
000493
000494
000495
000496
000497
000498
000499
000500
000501
000502
000503
000504
000505
000506
000507
000508
000509
000510
000511
000512
000513
000520
000522
000523
000524
000526
000527
000528
000529
000530
000531
000532
000533
000534
000535
000536
000538
000539
000540
000541
000542
000543
000545
000546
000547
000549
000550
000551
000552
000553
000554
000556
000557
000558
000559
000560
000561
000562
000563
000564
000566
000567
000569
000571
000572
000573
000574
000575
000576
000577
000578
000579
000580
000581
000583
000584
000585
000586
000587
000588
000589
000590
000591
000592
000593
000594
000595
000596
000597
000598
000599
000600
000601
000602
000603
000604
000605
000607
000609
000610
000611
000612
000613
000614
000615
000616
000617
000618
000619
000620
000621
000622
000623
000624
000625
000626
000627
000628
000629
000630
000631
000632
000633
000634
000638
000639
000640
000641
000642
000643
000644
000645
000646
000647
000648
000649
000650
000651
000652
000654
000655
000656
000657
000658
000659
000660
000661
000662
000663
000664
000665
000667
000668
000669
000670
000671
000672
000674
000675
000676
000677
000678
000679
000681
000682
000683
000684
000685
000686
000687
000688
000689
000690
000692
000693
000694
000695
000696
000697
000698
000699
000700
000701
000704
000705
000706
000707
000708
000709
000710
000711
000712
000713
000714
000715
000716
000717
000719
000720
000721
000722
000723
000724
000725
000726
000727
000728
000729
000730
000732
000733
000734
000735
000736
000737
000738
000739
000740
000741
000742
000743
000744
000745
000746
000747
000748
000749
000750
000751
000752
000753
000754
000755
000756
000757
000758
000759
000761
000763
000764
000765
000766
000767
000768
000769
000770
000771
000772
000773
000774
000775
000776
000778
000779
000780
000781
000782
000783
000784
000785
000786
000787
000788
000789
000790
000791
000793
000794
000796
000797
000800
000801
000802
000803
000804
000805
000806
000807
000808
000809
000810
000812
000813
000814
000815
000816
000817
000818
000819
000820
000821
000822
000823
000824
000825
000826
000827
000828
000831
000832
000834
000835
000836
000837
000839
000840
000841
000843
000844
000845
000846
000847
000848
000849
000850
000854
000855
000856
000857
000858
000859
000860
000861
000862
000863
000865
000866
000867
000868
000869
000870
000871
000872
000875
000876
000877
000878
000879
000880
000882
000883
000884
000885
000886
000887
000889
000890
000891
000893
000894
000895
000896
000897
000898
000899
000900
000901
000902
000903
000904
000905
000906
000907
000908
000909
000910
000911
000912
000913
000914
000915
000916
000920
000921
000922
000923
000924
000925
000926
000927
000928
000929
000930
000931
000932
000933
000934
000935
000936
000937
000938
000939
000940
000942
000945
000946
000947
000948
000950
000953
000954
000955
000960
000961
000962
000963
000965
000966
000967
000968
000969
000970
000971
000972
000973
000974
000975
000976
000977
000978
000979
000980
000981
000982
000985
000986
000988
000989
000990
000991
000992
000993
000994
000995
000996
000997
000998
001000
001001
001003
001004
001005
001006
001007
001008
001009
001010
001011
001013
001014
001015
001016
001017
001018
001019
001020
001021
001023
001026
001027
001028
001029
001030
001031
001033
001034
001035
001036
001037
001038
001039
001040
001041
001042
001043
001044
001047
001048
001050
001051
001052
001053
001054
001055
001056
001057
001058
001059
001060
001061
001063
001064
001065
001066
001067
001068
001069
001070
001071
001072
001074
001075
001076
001077
001078
001088
001092
001093
001094
001095
001096
001097
001102
001103
001104
001105
001106
001110
001111
001112
001113
001115
001116
001117
001118
001119
001120
001121
001122
001123
001124
001125
001126
001127
001128
001133
001134
001135
001136
001139
001140
001141
001142
001143
001144
001146
001147
001148
001149
001150
001152
001154
001155
001156
001157
001158
001159
001160
001161
001162
001163
001164
001165
001166
001167
001168
001169
001170
001171
001172
001173
001174
001175
001176
001177
001178
001179
001180
001181
001183
001184
001185
001186
001188
001189
001190
001191
001192
001194
001195
001196
001197
001198
001199
001200
001201
001202
001203
001204
001205
001206
001207
001208
001209
001210
001214
001215
001216
001217
001218
001219
001220
001221
001222
001225
001226
001227
001228
001229
001230
001231
001232
001233
001236
001237
001238
001239
001240
001241
001242
001243
001244
001245
001247
001249
001250
001251
001252
001253
001254
001255
001256
001257
001258
001259
001260
001261
001262
001263
001264
001265
001266
001267
001268
001270
001271
001272
001273
001274
001276
001277
001279
001280
001281
001282
001285
001286
001287
001289
001290
001291
001292
001293
001295
001298
001300
001301
001303
001304
001309
001311
001312
001316
001318
001320
001321
001323
001325
001326
001327
001328
001329
001330
001331
001332
001333
001334
001335
001336
001337
001338
001339
001340
001341
001345
001347
001349
001351
001362
002001
002011
002021
002031
003003
020001
020002
020003
020005
020007
020009
020010
020011
020012
020015
020018
020019
020020
020021
020022
020023
020025
020026
020027
020028
020029
020031
020032
020033
020034
020035
020036
020037
040001
040002
040003
040004
040005
040007
040008
040009
040010
040011
040012
040013
040015
040016
040018
040019
040020
040021
040022
040023
040025
040026
040028
040029
040030
040031
040033
040034
040035
040036
040037
040038
040039
040040
040041
040045
040046
040047
040048
040180
040190
041003
050001
050002
050003
050004
050006
050007
050008
050009
050010
050011
050012
050013
050014
050015
050016
050018
050019
050020
050021
050022
050023
050024
050025
050026
050027
050028
050029
050030
050106
050111
050116
050119
050123
050128
050129
050201
050202
050203
070001
070002
070003
070005
070006
070008
070009
070010
070011
070012
070013
070015
070016
070017
070018
070019
070020
070021
070022
070023
070025
070026
070027
070028
070029
070030
070031
070032
070033
070035
070036
070037
070038
070088
070099
080001
080002
080003
080005
080006
080007
080008
080009
080010
080011
080012
080015
090001
090002
090003
090004
090005
090006
090007
090008
090009
090010
090011
090012
090013
090015
090016
090017
090018
090019
090020
090021
090022
090023
091005
091021
091022
091023
092002
096001
100016
100018
100020
100022
100025
100026
100028
100029
100032
100035
100037
100038
100039
100050
100051
100053
100055
100056
100058
100060
100061
100066
100068
100072
100073
110001
110002
110003
110005
110006
110007
110008
110009
110010
110011
110012
110013
110015
110016
110017
110018
110019
110020
110021
110022
110023
110025
110026
110027
110028
110029
110030
110031
110032
110033
110035
110036
110037
110038
110050
110051
110052
110053
112002
118001
118002
121001
121002
121003
121005
121006
121007
121008
121009
121010
121011
121012
121013
121099
128011
128013
128112
150001
150005
150008
150009
150012
150013
150015
150016
150017
150018
150019
150020
150021
150022
150023
150027
150028
150029
150030
150031
150032
150033
150034
150035
150036
150037
150039
150040
150042
150047
150048
150049
150050
150051
150052
150053
150054
150055
150056
150057
150058
150059
150060
150064
150065
150066
150067
150073
150075
150076
150077
150080
150083
150084
150085
150086
150088
150089
150090
150091
150092
150093
150094
150095
150096
150097
150098
150099
150100
150101
150102
150103
150104
150105
150106
150107
150108
150109
150112
150113
150114
150116
150117
150118
150119
150120
150121
150122
150123
150124
150128
150129
150130
150131
150133
150134
150135
150136
150137
150138
150139
150140
150141
150142
150143
150144
150145
150146
150147
150148
150149
150150
150151
150152
150153
150154
150156
150157
150158
150159
150160
150161
150162
150164
150165
150166
150167
150168
150169
150170
150171
150172
150173
150174
150175
150176
150177
150178
150179
150180
150181
150182
150184
150185
150186
150187
150188
150189
150190
150191
150192
150193
150194
150195
150196
150197
150198
150199
150200
150201
150203
150204
150205
150206
150207
150208
150209
150210
150211
150212
150213
150214
150215
150216
150217
150218
150219
150220
150221
150222
150223
150224
150225
150226
150227
150228
150229
150230
150231
150232
150233
150234
150235
150236
150241
150242
150247
150248
150249
150250
150251
150252
150253
150254
150255
150256
150257
150258
150259
150260
150261
150262
150265
150266
150269
150270
150271
150272
150273
150274
150275
150276
150277
150278
150279
150280
151001
151002
159001
159002
159003
159004
159005
159006
159901
159902
159903
159905
159906
159907
159908
159909
159910
159911
159912
159913
159915
159916
159917
159918
159919
159920
159921
159922
159923
159924
159925
159926
159927
159928
159929
159930
159931
159932
159933
159934
159935
159936
159937
159938
159939
159940
159941
159942
159943
160105
160106
160119
160121
160123
160124
160125
160127
160128
160129
160130
160131
160132
160133
160134
160211
160212
160213
160215
160216
160217
160218
160219
160220
160221
160222
160224
160311
160314
160415
160416
160417
160505
160512
160513
160514
160515
160516
160602
160603
160605
160606
160607
160608
160609
160610
160611
160612
160613
160615
160616
160617
160618
160620
160621
160622
160623
160624
160625
160626
160627
160628
160629
160630
160631
160632
160633
160638
160639
160640
160706
160716
160717
160718
160719
160720
160721
160805
160806
160807
160808
160809
160810
160812
160813
160910
160915
160916
160918
160919
161005
161010
161014
161015
161017
161019
161022
161024
161025
161026
161027
161028
161029
161115
161116
161117
161118
161119
161120
161121
161122
161123
161207
161210
161211
161213
161216
161217
161219
161221
161222
161223
161224
161225
161505
161506
161507
161601
161603
161604
161605
161606
161607
161608
161609
161610
161611
161612
161613
161614
161615
161616
161618
161619
161620
161622
161623
161624
161625
161626
161627
161693
161706
161713
161714
161715
161716
161718
161719
161720
161721
161722
161723
161724
161725
161726
161810
161811
161812
161813
161815
161816
161818
161819
161820
161821
161822
161823
161824
161825
161826
161827
161828
161831
161902
161903
161907
161908
161910
161911
162006
162010
162102
162105
162107
162108
162201
162202
162203
162204
162205
162206
162207
162208
162209
162210
162211
162212
162213
162214
162215
162216
162299
162307
162308
162411
162412
162509
162510
162511
162512
162605
162607
162703
162711
162712
162714
162715
162716
162907
163001
163003
163004
163005
163006
163109
163110
163111
163113
163114
163115
163116
163117
163208
163209
163210
163211
163302
163402
163406
163407
163409
163411
163412
163415
163503
163801
163802
163803
163804
163805
163806
163807
163808
163809
163810
163811
163812
163813
163816
163817
163818
163819
163820
163821
163822
163823
163824
163825
163826
163827
163907
163908
163909
163910
164105
164205
164206
164207
164208
164210
164211
164302
164303
164304
164401
164402
164403
164508
164509
164510
164606
164701
164702
164703
164704
164705
164808
164809
164810
164811
164812
164813
164814
164815
164818
164902
164905
164906
165309
165310
165311
165312
165313
165314
165508
165509
165510
165511
165512
165513
165515
165516
165517
165519
165520
165521
165522
165705
165707
165806
165807
165808
165809
166001
166002
166003
166004
166005
166006
166007
166008
166009
166010
166011
166012
166014
166015
166016
166017
166019
166020
166021
166022
166105
166301
166401
166801
166802
166902
166903
166904
166905
167501
167502
167503
167601
167701
167901
168201
169101
169102
180001
180002
180003
180008
180009
180010
180012
180013
180015
180018
180020
180025
180026
180028
180029
180030
180031
180033
183001
184721
184722
184728
200001
200002
200003
200006
200007
200008
200009
200010
200011
200012
200013
200015
200016
200017
200103
200113
202001
202002
202003
202005
202007
202009
202011
202015
202017
202019
202021
202023
202025
202027
202101
202102
202103
202105
202107
202108
202110
202202
202211
202212
202213
202301
202302
202303
202304
202305
202306
202307
202801
206001
206002
206003
206004
206005
206006
206007
206008
206009
206010
206011
206012
206013
206015
206018
210001
210002
210003
210004
210005
210006
210007
210008
210009
210010
210011
210012
210013
210014
213001
213002
213003
213006
213007
213008
213009
213010
213909
213917
217001
217002
217003
217004
217005
217008
217009
217010
217011
217012
217013
217014
217015
217016
217017
217018
217019
217020
217021
217022
217023
217024
217025
217026
217027
217203
229001
229002
233001
233005
233006
233007
233008
233009
233010
233011
233012
233013
233015
240001
240002
240003
240004
240005
240006
240007
240008
240009
240010
240011
240012
240013
240014
240016
240017
240018
240019
240020
240021
240022
241001
241002
253010
253020
253021
253030
253050
253051
253060
253061
253070
255010
257010
257020
257030
257040
257050
257060
257070
260101
260102
260103
260104
260108
260109
260110
260111
260112
260115
260116
260117
260202
261001
261002
261101
261102
262001
263001
270001
270002
270004
270005
270006
270007
270008
270009
270010
270014
270021
270022
270023
270025
270026
270027
270028
270029
270030
270041
270042
270043
270044
270045
270046
270047
270048
270049
270050
288001
288002
288101
288102
288201
290001
290002
290003
290004
290005
290006
290007
290008
290009
290010
290011
290012
290014
291007
310308
310318
310328
310338
310339
310358
310368
310378
310379
310388
310398
310508
310518
320001
320002
320003
320004
320005
320006
320007
320008
320009
320010
320011
320012
320013
320014
320015
320016
320017
320018
320019
320020
320021
320022
340001
340005
340006
340007
340008
340009
350001
350002
350004
350005
350006
350007
350008
350009
360001
360003
360005
360006
360007
360008
360009
360010
360011
360012
360013
360014
360016
360017
360018
360019
360020
360021
360022
370010
370011
370021
370022
370023
370024
370025
370026
370027
371020
371120
372010
372110
373010
373020
375010
376510
377010
377016
377020
377150
377240
377530
378006
378010
378546
379010
380001
380002
380003
380004
380005
380006
380007
380008
380009
380010
380011
392001
392002
393001
395001
395011
395012
398001
398011
398021
398031
398041
398051
398061
399001
399011
400001
400003
400005
400006
400007
400009
400011
400013
400015
400016
400018
400020
400022
400023
400025
400027
400029
400030
400032
410001
410002
410003
410004
410005
410006
410007
410008
410009
410010
420001
420002
420003
420005
420006
420008
420009
420102
420106
420108
450001
450002
450003
450004
450005
450006
450007
450008
450009
450010
450011
450018
450019
457001
460001
460002
460003
460005
460006
460007
460008
460009
460010
460106
460108
460220
460300
470006
470007
470008
470009
470010
470011
470014
470018
470021
470028
470030
470058
470059
470060
470068
470078
470088
470089
470098
470888
471007
471014
471021
471030
471060
472007
481001
481004
481006
481008
481009
481010
481012
481013
481015
481017
482002
483003
485005
485007
485011
485014
485018
485019
485020
485022
485105
485107
485111
485114
485118
485119
485120
485122
486001
486002
487016
487021
500038
500056
500058
502000
502001
502002
502013
502014
502015
502020
502021
502022
502048
502049
502050
505888
510010
510020
510030
510050
510060
510070
510080
510081
510090
510110
510120
510130
510150
510160
510170
510180
510190
510210
510220
510230
510260
510270
510280
510290
510300
510310
510330
510410
510420
510430
510440
510450
510500
510510
510520
510563
510610
510620
510630
510650
510660
510680
510700
510710
510880
510900
511010
511210
511220
511800
511810
511860
511880
511990
512010
512070
512110
512120
512210
512220
512230
512300
512310
512340
512500
512510
512600
512610
512640
512990
513030
513100
513500
513600
513660
518800
518880
519001
519002
519003
519005
519007
519008
519011
519013
519015
519017
519018
519019
519020
519021
519023
519024
519025
519026
519027
519029
519030
519032
519033
519034
519035
519039
519050
519051
519052
519053
519055
519056
519057
519058
519059
519060
519061
519062
519066
519068
519069
519078
519087
519089
519091
519093
519095
519097
519099
519100
519110
519111
519112
519113
519115
519116
519117
519118
519119
519120
519121
519122
519123
519124
519125
519126
519127
519128
519129
519130
519131
519150
519152
519153
519156
519158
519160
519161
519162
519163
519165
519167
519170
519171
519180
519181
519183
519185
519186
519187
519188
519189
519190
519191
519300
519501
519505
519506
519507
519508
519509
519510
519511
519512
519513
519516
519517
519518
519519
519528
519529
519566
519567
519568
519588
519589
519601
519602
519606
519651
519652
519653
519654
519655
519656
519657
519660
519661
519662
519663
519664
519665
519666
519667
519668
519669
519670
519671
519672
519673
519674
519675
519676
519677
519678
519679
519680
519682
519683
519685
519686
519688
519690
519692
519694
519696
519697
519698
519700
519702
519704
519706
519709
519710
519712
519714
519716
519717
519718
519720
519721
519722
519723
519725
519726
519727
519729
519730
519731
519732
519733
519735
519736
519738
519740
519743
519745
519748
519749
519752
519800
519801
519808
519809
519858
519859
519878
519879
519888
519889
519898
519899
519908
519909
519915
519918
519967
519969
519971
519972
519973
519975
519976
519977
519979
519981
519983
519985
519987
519989
519991
519993
519995
519997
519998
519999
530001
530002
530003
530005
530006
530008
530009
530010
530011
530012
530014
530015
530016
530017
530018
530019
530020
530021
530028
530029
530030
531008
531009
531014
531017
531020
531021
531028
531029
531030
539001
539002
539003
540001
540002
540003
540004
540005
540006
540007
540008
540009
540010
540011
540012
541005
541011
550001
550002
550003
550004
550005
550006
550007
550008
550009
550010
550011
550012
550013
550015
550016
550017
550018
550019
560001
560002
560003
560005
560006
570001
570005
570006
570007
570008
571002
573003
580001
580002
580003
580005
580006
580007
580008
580009
582001
582002
582003
582201
582202
583001
583101
585001
590001
590002
590003
590005
590006
590007
590008
590009
590010
610001
610002
610003
610004
610005
610006
610007
610008
610103
610108
620001
620002
620003
620004
620005
620006
620007
620008
620009
620010
620011
630001
630002
630003
630005
630006
630007
630008
630009
630010
630011
630012
630015
630016
630103
630107
630109
630112
650001
650002
660001
660002
660003
660004
660005
660006
660007
660008
660009
660010
660011
660012
660013
660014
660015
660016
660102
660107
660109
660116
671010
673010
675011
675013
675021
675023
680001
686868
686869
688888
690001
690002
690003
690004
690005
690006
690007
690008
690009
690010
690011
690012
690202
690206
690210
690212
700001
700002
700003
700004
700005
700006
710001
710002
710301
710302
710501
710502
720001
720002
720003
730001
730002
730003
730103
740001
740101
740601
740602
750001
750002
750003
750005
750006
750007
762001
770001
